kernel:0:ps7_0_FCLK_CLK0:100.000000
kernel:1:ps7_0_FCLK_CLK1:142.857132
kernel:2:ps7_0_FCLK_CLK2:200.000000
kernel:3:ps7_0_FCLK_CLK3:100.000000
